9258
9305
9361
9365
9371
9402
9407
9483
9531
9541
9544
9545
9555
9568
9593
9597
9598
9601
9606
9615
9646
9669
9685
9691
9708
9713
9733
9739
9785
9793
9796
9798
9823
9837
9838
9913
9925
9940
9974
9978
9986
9994
10020
10029
10036
10090
10116
10141
10160
10181
13616
27679
29073
29078
30538
30608
30611
32536
34839
37293
42254
43179
43346
51337
59463
59538
60711
61621
61622
61853
72004
73337
74533
79684
89399
89462
109478
118797
127582
132908
143302
185453
186990
225400
230844
246437
291302
310752
336983
379532
419612
885580
1026970
1230840
1737458